350.000000
280.000000
1.000000
0.000000
0.000000
1.000000
0.200000
0.800000
0.400000
0.600000
0.600000
0.400000
0.800000
0.200000
1.000000
0.000000
0.000000
1.000000
0.195968
0.012121
0.400000
0.600000
0.600000
0.400000
0.795968
0.927273
1.000000
0.000000
0.000000
1.000000
0.200000
0.800000
0.400000
0.600000
0.600000
0.703030
0.800000
0.200000
1.000000
0.000000
0.000000
1.000000
0.200000
1.000000
0.400000
1.000000
0.600000
1.000000
0.800000
1.000000
1.000000
1.000000
1.000000
1.000000
1.666667
1.000000
